ProjectId	ProjectName	StationId	StationName	SampleDate	Depth1	Depth2	pH	Konduktivitet	TSM	STS	Turbiditet	Ca	Mg	Na	K	Cl	SO4	Alk_4.5	ANC	TOC	DOC	POC	Farge	TOTN	NO3-N	NH4-N	Nitrogen part	TOTP	PO4-P	TOTP_P	Si	SiO2	Temperatur	Ag	As	Cd	Cd-filt	Cr	Cu	Hg	Hg-filt	Ni	Ni-filt	Pb	Pb-filt	Zn
12564	Elveoverv?ings hovedelver 2021-25	40352	Drammenselva	21.01.2021 10:30	0	0	7.07	3.78	0.82	1.5	0.59	4.03	0.69	1.61	0.46	2.13	2.72	0.205	203.659	3.6	3.6	113	21	380	270	4	11.5	3	1	2.5	1.51	3.25	1.3													
12564	Elveoverv?ings hovedelver 2021-25	40352	Drammenselva	02.02.2021 15:00	0	0	7.09	3.97	0.96	1.7	0.78	4.31	0.72	1.78	0.49	2.46	2.89	0.219	213.985	3.4	3.2	137	9	460	290	< 2	14.5	5	2	3.3	1.53	3.32	0.2	< 0.002	0.14	0.012	0.0087	0.17	0.59	1.08	< 0.3	0.45	0.44	0.055	0.024	1.8
12564	Elveoverv?ings hovedelver 2021-25	40352	Drammenselva	02.03.2021 08:30	0	0	7.01	3.78	1.89	1.2	2.1	4.23	0.65	1.51	0.44	2.23	3.22	0.237	190.114	2.9	2.9	159	16	400	300	6	8.09	5	2	4.8	1.51	3.14	0.8													
12564	Elveoverv?ings hovedelver 2021-25	40352	Drammenselva	06.04.2021 11:30	0	0	7.01	4.14	2.42	2.3	2.2	4.72	0.7	1.78	0.47	3.16	3.8	0.209	186.454	3.5	3.6	260	15	480	390	4	27.4	5	3	4.8	1.61	3.2	2.6													
12564	Elveoverv?ings hovedelver 2021-25	40352	Drammenselva	03.05.2021 09:00	0	0	7.09	3.63	4.37	2	0.94	3.9	0.65	1.64	0.4	2.58	3.12	0.181	172.632	3.6	3.7	224	25	350	270	< 2	21.6	5	2	3.3	1.46	2.98	5.8	< 0.002	0.11	0.007	0.0074	0.1	0.62	1.03	0.98	0.4	0.38	0.053	0.026	1.6
12564	Elveoverv?ings hovedelver 2021-25	40352	Drammenselva	18.05.2021 09:30	0	0	6.88	3.95	6.51	9	3.9	4.41	0.72	1.65	0.56	2.5	2.78	0.203	203.416	4.1	4	413	31	540	470	< 2	39.1	9	5	8.2	1.58	3.62	7													
12564	Elveoverv?ings hovedelver 2021-25	40352	Drammenselva	25.05.2021 07:50	0	0	6.99	3.9	6.69	7.9	5	4.48	0.74	1.55	0.48	2.65	3.24	0.187	186.921	4.1	4.2	355	31	560	490	< 2	35.3	12	5	9.5	1.62	3.6	8.4													
12564	Elveoverv?ings hovedelver 2021-25	40352	Drammenselva	07.06.2021 10:05	0	0	7.05	3.56	2.48	3	2.1	4.06	0.68	1.49	0.43	1.99	2.75	0.184	203.1	3.7	3.6	240	23	340	250	21	25.1	5	3	5.1	1.52	3.11	12.2													
12564	Elveoverv?ings hovedelver 2021-25	40352	Drammenselva	14.06.2021 10:50	0	0	7.1	3.75	1.98	3.1	1.3	4.06	0.71	1.66	0.47	2.26	2.79	0.198	204.822	3.5	3.5	304	22	390	260	17	28.9	6	3	4.5	1.43	3.08	13.1													
12564	Elveoverv?ings hovedelver 2021-25	40352	Drammenselva	28.06.2021 06:30	0	0	6.97	3.67	1.49	1	0.86	4.15	0.67	1.61	0.45	1.92	2.46	0.195	225.512	3.3	3.2	267	19	350	180	8	21.7	5	1	4	1.31	2.67	17													
12564	Elveoverv?ings hovedelver 2021-25	40352	Drammenselva	05.07.2021 14:35	0	0	7	4.06	1.74	1.4	0.98	4.16	0.7	1.59	0.44	1.87	2.5	0.187	227.93	3.5	3.4	415	19	350	180	13	45.9	5	< 1	5	1.24	2.7	20													
12564	Elveoverv?ings hovedelver 2021-25	40352	Drammenselva	02.08.2021 00:00	0	0																																								
12564	Elveoverv?ings hovedelver 2021-25	40352	Drammenselva	02.08.2021 06:45	0	0	7.14	3.49	2.34	2.2	1.2	4.04	0.65	1.4	0.47	1.79	2.47	0.182	213.927	3.6	3.5	292	22	310	170	16	29.8	6	2	4.8	1.25	2.67	19.1	< 0.002	0.19	0.0056	0.0039	0.13	0.69	1.38		0.48	0.4	0.074	0.025	4.7
12564	Elveoverv?ings hovedelver 2021-25	40352	Drammenselva	06.09.2021 07:30	0	0	7.2	3.19	0.79	1.1	0.99	3.44	0.6	1.4	0.41	1.61	2.27	0.204	191.152	3.1	3	366	17	270	120	24	35.6	6	2	3.6	1.07	2.36	16.7													
12564	Elveoverv?ings hovedelver 2021-25	40352	Drammenselva	04.10.2021 11:00	0	0	7.1	4.35	7.63	7	4.1	5.38	0.85	1.8	0.71	2.8	3.42	0.257	237.516	5.3	5.2	914	37	800	660	3	52.8	16	8	13	1.7	3.76	12.5	< 0.002	0.24	0.0096	0.0077	0.63	1.09	2.29	1.46	0.59	0.45	0.227	0.057	2.9
12564	Elveoverv?ings hovedelver 2021-25	40352	Drammenselva	01.11.2021 08:40	0	0	7.07	3.98	17.5	15.4	13	4.69	0.73	1.6	0.6	1.89	2.5	0.237	245.808	4	3.8	916	30	630	390	< 2	94.9	31	19	23	1.99	4.45	8.4													
12564	Elveoverv?ings hovedelver 2021-25	40352	Drammenselva	06.12.2021 10:50	0	0	6.97	3.4	1.31	2.3	0.82	3.77	0.62	1.5	0.44	1.74	2.35	0.209	201.192	3.4	3.4	156	21	390	230	10	15.8	4	2	2.9	1.44	3.29	1.9													
12564	Elveoverv?ings hovedelver 2021-25	40353	Skienselva	25.01.2021 09:00	0	0	6.67	2.02	0.78	1	0.72	2.05	0.3	1.15	0.23	1.47	1.09	0.116	108.007	3.2	3.3	76.8	22	350	150	< 2	5.08	3	1	2.6	1.18	2.54	2.4							1.13	0.91					
12564	Elveoverv?ings hovedelver 2021-25	40353	Skienselva	04.02.2021 10:30	0	0	6.64	1.93	0.82	< 0.7	0.66	1.89	0.3	1.17	0.24	1.38	1.07	0.107	104.104	2.9	2.8	117	2	240	150	< 2	8.65	3	1	2.8	1.13	2.44		< 0.002	0.096	0.0083	0.0066	0.082	0.39			0.21	0.19	0.055	0.021	1.8
12564	Elveoverv?ings hovedelver 2021-25	40353	Skienselva	01.03.2021 09:00	0	0	6.63	1.9	0.8	< 0.6	0.72	1.93	0.29	1.17	0.21	1.41	1.12	0.119	102.623	3	3	119	17	250	150	< 2	4.81	3	1	2.5	1.19	2.54														
12564	Elveoverv?ings hovedelver 2021-25	40353	Skienselva	06.04.2021 09:00	0	0	6.63	1.93	0.81	0.9	0.76	1.93	0.29	1.1	0.22	1.75	1.45	0.1	80.516	3	2.9	127	23	300	190	< 2	16.3	3	< 1	2.4	1.15	2.51														
12564	Elveoverv?ings hovedelver 2021-25	40353	Skienselva	03.05.2021 00:00	0	0																																								
12564	Elveoverv?ings hovedelver 2021-25	40353	Skienselva	03.05.2021 09:00	0	0	6.56	1.89	0.58	1	0.47	1.88	0.28	1.11	0.24	1.36	1.01	0.093	102.592	2.9	2.8	165	17	230	130	< 2	16.6	3	1	2.1	1.11	2.37		< 0.002	0.089	0.0071	0.0066	0.06	0.36	1.18	1.08	0.18	0.19	0.016	0.016	2.9
12564	Elveoverv?ings hovedelver 2021-25	40353	Skienselva	07.06.2021 09:00	0	0	6.71	1.84	0.77	1.7	0.57	1.83	0.26	1.04	0.22	1.19	1	0.118	101.327	2.9	2.9	203	19	230	110	6	13.6	3	1	2.7	1.06	2.29														
12564	Elveoverv?ings hovedelver 2021-25	40353	Skienselva	05.07.2021 09:00	0	0	6.74	1.72	0.71	1	0.31	1.77	0.24	0.96	0.19	1.04	0.94	0.092	100.207	2.6	2.6	257	17	190	78	13	24.4	3	< 1	2	0.934	2.04	16.4													
12564	Elveoverv?ings hovedelver 2021-25	40353	Skienselva	02.08.2021 00:00	0	0																																								
12564	Elveoverv?ings hovedelver 2021-25	40353	Skienselva	02.08.2021 09:00	0	0	6.73	1.72	0.79	< 0.8	0.69	1.8	0.22	0.92	0.19	1.16	1.06	0.108	92.721	2.5	2.4	217	14	160	74	17	23.7	4	< 1	2.5	0.837	1.86		< 0.002	0.097	0.0073	0.0056	0.056	0.41	0.96		0.21	0.19	0.015	0.011	3.6
12564	Elveoverv?ings hovedelver 2021-25	40353	Skienselva	06.09.2021 09:00	0	0	6.8	1.63	1.29	< 0.6	0.46	1.72	0.22	0.9	0.19	1.15	1.06	0.113	88.355	2.3	2.2	402	12	170	71	23	12.9	3	2	2.2	0.827	1.87														
12564	Elveoverv?ings hovedelver 2021-25	40353	Skienselva	04.10.2021 00:00	0	0																																								
12564	Elveoverv?ings hovedelver 2021-25	40353	Skienselva	04.10.2021 09:00	0	0	6.69	1.89	4.33	4	1.4	2.07	0.27	1.1	0.24	1.45	1.32	0.124	99.68	3.1	3	324	21	260	160	3	31.3	6	4	5.3	1.06	2.46		< 0.002	0.1	0.0063	0.0047	0.066	0.39	1.54	1.15	0.11	0.15	0.038	0.051	3.2
12564	Elveoverv?ings hovedelver 2021-25	40353	Skienselva	01.11.2021 09:00	0	0	6.81	2.37	1.87	1.6	1.4	2.68	0.33	1.2	0.3	1.27	1.28	0.152	146.849	3.7	3.6	460	26	340	160	11	60.8	7	3	5.4	1.21	2.61														
12564	Elveoverv?ings hovedelver 2021-25	40353	Skienselva	06.12.2021 09:00	0	0	6.85	1.87	0.58	2	0.51	1.86	0.26	1	0.22	1.16	0.94	0.113	101.751	2.9	2.9	152	20	250	130	11	9.74	3	1	2.5	1.07	2.48														
12564	Elveoverv?ings hovedelver 2021-25	40354	Otra	25.01.2021 12:15	0	0	6.05	1.63	0.42	< 1	0.47	0.865	0.24	1.54	0.17	2.51	0.88	0.061	39.264	3.2	3.1	202	25	200	82	15	12.5	4	< 1	3.2	0.856	1.87														
12564	Elveoverv?ings hovedelver 2021-25	40354	Otra	08.02.2021 14:15	0	0	6.18	1.29	0.86	< 0.7	0.42	0.815	0.21	1.18	0.15	1.61	0.8	0.062	45.968	2.4	2.5	191	20	160	71	20	18	3	< 1	3.5	0.873	1.82		< 0.002	0.11	0.0093		0.099	0.38	1.14		0.36		0.146		2.1
12564	Elveoverv?ings hovedelver 2021-25	40354	Otra	01.03.2021 08:50	0	0	6.06	1.62	0.87	< 0.6	0.51	0.853	0.22	1.57	0.18	2.65	0.96	0.072	31.681	2.7	2.7	222	18	280	100	11	13.4	4	< 1	2.7	0.873	1.86														
12564	Elveoverv?ings hovedelver 2021-25	40354	Otra	06.04.2021 11:50	0	0	6.27	1.41	1.01	1.8	0.52	0.965	0.2	1.17	0.16	2.17	1.13	0.063	28.428	2.7	2.6	305	23	230	90	6	29.3	3	< 1	2.8	0.746	1.62														
12564	Elveoverv?ings hovedelver 2021-25	40354	Otra	03.05.2021 11:05	0	0	6.53	1.46	0.59	0.9	0.33	0.88	0.17	0.98	0.089	1.58	0.82	0.074	36.734	2.1	2.1	233	12	120	62	< 2	19.2	2	< 1	2	0.681	1.45		< 0.002	0.071	0.011		0.068	0.39	1.02		0.2		0.101		1.8
12564	Elveoverv?ings hovedelver 2021-25	40354	Otra	07.06.2021 09:30	0	0	6.29	1.32	0.95	1.3	0.48	0.879	0.19	1.16	0.14	1.56	0.73	0.058	50.687	2.7	2.5	290	18	150	51	13	22.9	3	1	3	0.619	1.33														
12564	Elveoverv?ings hovedelver 2021-25	40354	Otra	05.07.2021 13:35	0	0	6.38	1.11	1	1	0.44	0.815	0.16	0.93	0.12	1.1	0.61	0.059	51.768	2.4	2.3	182	15	130	26	5	20.1	3	< 1	2.3	0.426	0.94														
12564	Elveoverv?ings hovedelver 2021-25	40354	Otra	02.08.2021 08:40	0	0	6.29	1.13	0.95	0.8	0.44	0.878	0.16	0.91	0.12	1.16	0.6	0.06	52.701	2.2	2.1	339	13	290	24	5	26.9	3	< 1	2.7	0.376	0.8		0.0085	0.11	0.0065		0.054	1.51	0.92		0.28		0.143		6.5
12564	Elveoverv?ings hovedelver 2021-25	40354	Otra	06.09.2021 09:45	0	0	6.5	1.14	1.14	1.4	0.75	0.855	0.14	0.8	0.11	1.13	0.69	0.072	43.768	2.1	2	400	12	130	25	16	39.2	4	2	2.8	0.4	0.94														
12564	Elveoverv?ings hovedelver 2021-25	40354	Otra	04.10.2021 09:50	0	0	6.13	1.86	2.18	3.4	1	1.11	0.28	1.7	0.31	2.94	1.3	0.066	44.019	5.3	4.8	701	39	280	88	18	112	7	2	6	0.81	1.78		< 0.002	0.21	0.029		0.14	0.55	2.29		0.31		0.567		4.2
12564	Elveoverv?ings hovedelver 2021-25	40354	Otra	01.11.2021 09:02	0	0	6.24	1.83	1.76	2	0.72	1.12	0.26	1.7	0.24	2.33	0.97	0.07	65.373	4.1	4.1	514	32	300	85	19	64.2	5	2	4.1	0.89	2.06														
12564	Elveoverv?ings hovedelver 2021-25	40354	Otra	06.12.2021 09:43	0	0	6.26	1.16	0.58	1.6	0.62	0.786	0.16	1	0.12	1.23	0.63	0.066	47.211	2.4	2.4	175	17	180	55	14	24.3	3	< 1	2	0.733	1.88														
12564	Elveoverv?ings hovedelver 2021-25	40355	Numedalsl?en	20.01.2021 10:30	0	0	6.72	2.86	3.25	2.4	1.8	2.82	0.44	1.57	0.39	2.06	1.96	0.144	141.268	3.4	3.1	389	21	440	210	100	46.5	8	4	6.5	1.66	3.57														
12564	Elveoverv?ings hovedelver 2021-25	40355	Numedalsl?en	04.02.2021 14:30	0	0	6.8	2.89	2.15	3.5	1.4	2.93	0.42	1.63	0.38	2.28	1.98	0.152	142.986	3	2.9	650	5	480	180	97	82	6	3	5.1	1.58	3.42		0.0029	0.14	0.032	0.017	0.13	1.25	1.16	0.65	0.39	0.31	0.402	0.142	7.5
12564	Elveoverv?ings hovedelver 2021-25	40355	Numedalsl?en	01.03.2021 15:00	0	0	6.67	3.62	6.61	5.4	2.9	2.99	0.49	2.51	0.49	3.82	2.13	0.165	139.126	4.6	3.8	956	23	840	280	160	140	11	6	8.5	1.92	4.07														
12564	Elveoverv?ings hovedelver 2021-25	40355	Numedalsl?en	06.04.2021 10:30	0	0	6.69	2.87	4.56	4.6	2.8	2.86	0.45	1.73	0.38	2.94	2.35	0.135	113.563	5.1	5.1	351	46	420	270	8	39.6	8	4	4.8	1.93	3.92														
12564	Elveoverv?ings hovedelver 2021-25	40355	Numedalsl?en	03.05.2021 08:15	0	0	6.76	2.42	1.88	2.3	1.3	2.56	0.36	1.33	0.33	1.95	1.91	0.121	118.168	4.3	4.4	294	32	340	150	4	23.6	6	3	3.9	1.64	3.42		< 0.002	0.13	0.0092	0.0088	0.12	0.57	1.54	1.5	0.28	0.31	0.137	0.067	2.6
12564	Elveoverv?ings hovedelver 2021-25	40355	Numedalsl?en	07.06.2021 08:45	0	0	6.79	2.72	2.28	2.5	1.3	2.54	0.44	1.71	0.39	2.45	1.71	0.13	129.732	3.9	4	217	32	310	180	38	18.7	6	3	4.9	1.42	2.91														
12564	Elveoverv?ings hovedelver 2021-25	40355	Numedalsl?en	05.07.2021 08:15	0	0	6.87	2.48	2.07	2.4	0.86	2.39	0.39	1.43	0.33	1.69	1.43	0.121	139.258	3	3	256	20	230	74	20	19.7	5	2	4	1.15	2.5	20.2													
12564	Elveoverv?ings hovedelver 2021-25	40355	Numedalsl?en	02.08.2021 00:00	0	0																																								
12564	Elveoverv?ings hovedelver 2021-25	40355	Numedalsl?en	02.08.2021 07:30	0	0	6.7	2.27	2.49	4	1.2	2.51	0.38	1.28	0.33	1.6	1.3	0.107	143.573	7.7	7.5	283	60	280	68	12	27.7	10	3	7.2	1.22	2.71		< 0.002	0.22	0.016	0.016	0.12	0.82	3.22	3.16	0.39	0.39	0.118	0.125	7.7
12564	Elveoverv?ings hovedelver 2021-25	40355	Numedalsl?en	06.09.2021 08:15	0	0	7	2.35	0.99	1.9	1.1	2.45	0.34	1.3	0.35	1.64	1.63	0.152	130.599	3.1	3	514	20	210	69	22	18.3	6	2	3.6	1.08	2.44														
12564	Elveoverv?ings hovedelver 2021-25	40355	Numedalsl?en	04.10.2021 13:00	0	0	6.54	2.97	43.4	48.9	11	2.68	0.55	2	0.59	2.95	2.51	0.122	119.166	9.2	8.9	1336	72	650	370	< 2	110	43	32	36	1.68	5.12		< 0.002	0.26	0.024	0.025	0.15	0.81	5.75	3.34	0.36	0.38	0.19	0.194	6.7
12564	Elveoverv?ings hovedelver 2021-25	40355	Numedalsl?en	01.11.2021 09:15	0	0	6.8	4.22	28	19.7	13	3.78	0.72	2.5	0.7	3.57	2.41	0.182	185.054	6.6	6.4	1736	53	870	540	23	142.3	40	24	33	2.77	5.88														
12564	Elveoverv?ings hovedelver 2021-25	40355	Numedalsl?en	06.12.2021 09:30	0	0	6.91	2.67	1.34	4	0.77	2.82	0.38	1.3	0.36	1.51	1.52	0.162	154.923	3.6	3.6	190	26	330	120	43	18.4	5	2	3.5	1.69	3.87														
12564	Elveoverv?ings hovedelver 2021-25	40356	Glomma ved Sarpsfoss	21.01.2021 11:15	0	0	7.12	4.96	3.56	1.8	4.1	5.37	0.97	1.95	0.75	2.77	4.03	0.25	259.725	4.1	4.3	200	32	560	420	8	18.3	10	5	6.5	1.87	4.01	0.7													
12564	Elveoverv?ings hovedelver 2021-25	40356	Glomma ved Sarpsfoss	03.02.2021 13:00	0	0	7.1	5.32	4.39	3.5	4.6	5.65	1.07	2.24	0.79	3.38	4.25	0.277	273.06	3.8	3.7	181	27	610	430	9	21.7	9	5	6.4	1.93	4.25	0	0.0082	0.15	0.012	0.0074	0.21	1.13	1.05	< 0.3	0.74	0.56	0.17	0.055	2.5
12564	Elveoverv?ings hovedelver 2021-25	40356	Glomma ved Sarpsfoss	01.03.2021 12:45	0	0	7.05	5.34	5.03	5.6	5.6	5.47	0.95	2.55	0.76	3.73	4.1	0.261	263.031	3.4	3.5	313	29	650	390	48	19.8	12	5	9.3	2.04	4.37	0.2													
12564	Elveoverv?ings hovedelver 2021-25	40356	Glomma ved Sarpsfoss	06.04.2021 12:35	0	0	6.92	5.54	17.3	14.3	19	5.71	1.09	2.55	0.87	5.02	5.74	0.234	205.949	3.7	3.9	453	38	660	570	7	54.2	23	14	8.5	2.28	5.15	3.1													
12564	Elveoverv?ings hovedelver 2021-25	40356	Glomma ved Sarpsfoss	01.05.2021 00:00	0	0																																								
12564	Elveoverv?ings hovedelver 2021-25	40356	Glomma ved Sarpsfoss	03.05.2021 12:30	0	0	7.15	4.87	4.47	4.3	3.9	5.12	0.95	2.2	0.69	3.69	4.61	0.222	219.062	4.6	4.6	334	35	530	390	19	41.8	12	5	7.1	1.89	4.14	7.4	0.0045	0.15	0.0098	0.0097	0.12	1.31	1.61	1.01	0.59	0.58	0.062	0.075	2.1
12564	Elveoverv?ings hovedelver 2021-25	40356	Glomma ved Sarpsfoss	18.05.2021 13:10	0	0	7.14	5.09	11.2	12	12	5.32	0.99	2.06	0.81	3.55	4.36	0.226	224.18	4.7	4.7	513	38	670	590	8	61.9	17	10	19	2.01	4.57	6.6													
12564	Elveoverv?ings hovedelver 2021-25	40356	Glomma ved Sarpsfoss	25.05.2021 12:45	0	0	6.98	3.6	9.16	11	8	4	0.76	1.28	0.62	2.22	3.35	0.183	175.575	5.4	5.6	414	48	480	360	< 2	48.9	17	8	16	1.8	3.79	8.8													
12564	Elveoverv?ings hovedelver 2021-25	40356	Glomma ved Sarpsfoss	07.06.2021 14:10	0	0	6.92	4.05	5.42	5.9	2.6	4.81	0.82	1.41	0.63	1.89	3.54	0.195	242.193	3.5	3.5	337	24	410	220	3	42.1	10	5	9.1	1.51	3.11	14													
12564	Elveoverv?ings hovedelver 2021-25	40356	Glomma ved Sarpsfoss	14.06.2021 13:50	0	0	7.22	4.43	13.1	12.7	2.7	5.24	0.84	1.42	0.68	1.71	3.49	0.241	270.27	2.9	2.9	568	18	440	260	6	62.5	14	8	14	1.67	3.16	14.6													
12564	Elveoverv?ings hovedelver 2021-25	40356	Glomma ved Sarpsfoss	28.06.2021 13:45	0	0	7.26	4.59	5.03	6	1.8	5.48	0.88	1.46	0.66	1.75	3.57	0.254	283.971	2.9	2.9	364	19	440	260	11	31.1	8	4	8	1.44	2.94	15.7													
12564	Elveoverv?ings hovedelver 2021-25	40356	Glomma ved Sarpsfoss	06.07.2021 14:10	0	0	7.2	4.47	3.74	4.6	1.7	5.33	0.85	1.44	0.64	1.65	3.35	0.231	282.18	3.6	3.4	361	23	420	230	10	41.4	9	3	7	1.42	2.98	17.6													
12564	Elveoverv?ings hovedelver 2021-25	40356	Glomma ved Sarpsfoss	09.08.2021 00:00	0	0																																								
12564	Elveoverv?ings hovedelver 2021-25	40356	Glomma ved Sarpsfoss	09.08.2021 12:40	0	0	7.33	4.91	8.47	9.4	2.4	5.43	0.92	1.79	0.71	2.89	4.53	0.251	246.114	3.1	3	417	17	380	290	< 2	57.6	23	11	8.1	1.19	3.45	19	0.0026	0.16	0.0052	0.005	0.086	1.4	0.89	0.68	0.54	0.58	0.068	0.087	3.3
12564	Elveoverv?ings hovedelver 2021-25	40356	Glomma ved Sarpsfoss	07.09.2021 15:00	0	0	7.4	4.23	0.63	4.6	1.9	5.11	0.81	1.5	0.63	1.66	3.15	0.291	279.148	2.7	2.7	512	15	320	160	17	40.5	8	4	6.6	1.13	2.53	16.8													
12564	Elveoverv?ings hovedelver 2021-25	40356	Glomma ved Sarpsfoss	04.10.2021 13:00	0	0																																								
12564	Elveoverv?ings hovedelver 2021-25	40356	Glomma ved Sarpsfoss	04.10.2021 13:15	0	0	7.09	5.8	38.9	36.8	23	6.47	1.4	2.2	1.31	4.07	5.34	0.295	260.528	5.1	4.9	1223	41	1300	1130	< 2	127	64	43	33	2.94	6.09	12.1	< 0.002	0.38	0.019	0.007	1.53	2.7	4.05	1.66	2.37	0.97	0.965	0.115	7
12564	Elveoverv?ings hovedelver 2021-25	40356	Glomma ved Sarpsfoss	01.11.2021 16:15	0	0	7.17	4.81	7.99	6	5.4	5.28	1	1.9	0.84	2.32	3.57	0.268	280.813	5.4	5.3	678	43	660	410	2	73.4	18	13	11	1.99	4.78	7.8													
12564	Elveoverv?ings hovedelver 2021-25	40356	Glomma ved Sarpsfoss	06.12.2021 14:10	0	0	7.27	4.74	2.98	5	1.5	5.35	0.91	1.7	0.7	2.09	3.53	0.273	276.228	3.9	3.8	225	30	560	350	20	51.6	7	3	6.8	1.77	3.94	0													
12564	Elveoverv?ings hovedelver 2021-25	40357	Orkla	26.01.2021 15:30	0	0	7.42	6.45	4.6	4	0.96	9.16	0.84	1.41	1.01	1.89	4.02	0.456	468.485	1.8	1.8	134	10	230	110	5	12.6	4	3	2.7	1.54	3.35														
12564	Elveoverv?ings hovedelver 2021-25	40357	Orkla	09.02.2021 15:30	0	0	7.47	6.6	3.29	4.8	0.65	9.3	0.91	1.44	1.14	1.96	4.61	0.464	470.887	1.6	1.7	96.5	10	200	120	3	7.88	4	3	4.3	1.63	3.35		< 0.002	0.078	0.017		0.41	1.54	0.53		1		0.023		5.4
12564	Elveoverv?ings hovedelver 2021-25	40357	Orkla	01.03.2021 14:45	0	0	7.36	7.43	7.96	15	4.2	9.85	1.03	2.22	0.98	3.7	7.58	0.436	416.411	4.2	4.1	441	29	460	270	< 2	42.4	20	15	14	1.96	4.16														
12564	Elveoverv?ings hovedelver 2021-25	40357	Orkla	06.04.2021 13:10	0	0	7.46	8.77	1.37	2	1.2	10.7	1.28	3.31	0.88	6.2	8.54	0.401	433.03	4.4	4.4	232	31	420	280	< 2	23.8	4	1	3.1	1.62	3.46														
12564	Elveoverv?ings hovedelver 2021-25	40357	Orkla	03.05.2021 12:50	0	0	7.49	9.02	1.53	1	0.53	11.2	1.29	3.21	0.99	7.14	9.24	0.427	411.178	3.2	3.1	215	22	420	350	< 2	33.5	3	2	2.4	1.53	3.24		< 0.002	0.093	0.073		0.25	7.92	0.94		0.98		0.018		17.3
12564	Elveoverv?ings hovedelver 2021-25	40357	Orkla	07.06.2021 11:15	0	0	7.19	4.01	1.03	5.6	2.2	5.16	0.54	1.38	0.56	1.88	1.86	0.241	282.003	2.5	2.3	806	17	240	35	3	62.5	16	8	16	0.994	1.97														
12564	Elveoverv?ings hovedelver 2021-25	40357	Orkla	01.07.2021 13:45	0	0	7.56	6.31	0.79	1.1	< 0.3	8.4	0.85	1.84	0.89	2.4	3.37	0.394	443.31	2.2	2.1	308	12	290	150	4	36	3	< 1	3	1	2.05	16.8													
12564	Elveoverv?ings hovedelver 2021-25	40357	Orkla	02.08.2021 13:30	0	0	7.53	6.04	1.13	1.6	1.1	8.03	0.87	1.72	0.94	2.57	3.52	0.358	414.633	2.4	2.3	240	16	220	150	< 2	27.7	4	1	3	1.06	2.15		< 0.002	0.1	0.006		0.31	1.77	0.95		0.83		0.03		6.1
12564	Elveoverv?ings hovedelver 2021-25	40357	Orkla	06.09.2021 12:40	0	0	7.5	5.49	0.62	0.8	0.53	7.6	0.79	2	0.61	3.12	4.28	0.401	361.855	3.8	3.8	427	30	230	110	2	23.3	4	< 1	2.4	1.17	2.61														
12564	Elveoverv?ings hovedelver 2021-25	40357	Orkla	04.10.2021 17:30	0	0	7.64	8.45	0.5	< 2	< 0.3	11.7	1.1	2.1	1.25	3.39	6.55	0.609	545.645	2.6	2.5	209	15	320	280	4	23	3	1	2.6	1.4	3.45		< 0.002	0.085	0.028		0.14	3.61	1.41		0.59		< 0.005		6.9
12564	Elveoverv?ings hovedelver 2021-25	40357	Orkla	01.11.2021 13:00	0	0	7.36	5.34	1.34	1.6	0.42	6.9	0.34	0.9	0.25	2.4	3.1	0.367	272.728	3.9	3.9	360	33	350	180	< 2	35.8	4	1	2.2	1.46	3.22														
12564	Elveoverv?ings hovedelver 2021-25	40357	Orkla	06.12.2021 14:20	0	0	7.42	6.52	0.68	2.2	0.37	9.22	0.83	1.6	1.01	2.06	3.43	0.5	480.696	2.4	2.3	129	15	340	190	10	11.8	3	1	2.1	1.55	3.62														
12564	Elveoverv?ings hovedelver 2021-25	40358	Altaelva	24.01.2021 13:30	0	0	7.32	7.13	1.07	1.7	0.34	8.29	2.27	1.83	0.97	1.23	5.89	0.527	543.71	3.2	3.2	76.1	21	160	53	< 2	6.68	4	1	1.3	3.07	7.18														
12564	Elveoverv?ings hovedelver 2021-25	40358	Altaelva	08.02.2021 10:50	0	0	7.41	7.29	2.13	1.1	< 0.3	8.61	2.3	1.86	0.98	1.3	6.14	0.467	556.17	2.9	2.9	75.2	20	180	58	< 2	7.41	4	2	2.1	3.16	6.8		< 0.002	0.1	< 0.003		0.26	0.45	0.6		0.25		0.017		0.18
12564	Elveoverv?ings hovedelver 2021-25	40358	Altaelva	02.03.2021 10:00	0	0	7.38	7.45	1.55	1.5	0.56	8.81	2.15	1.69	0.94	1.09	6.42	0.548	545.415	3	2.9	82.1	16	160	59	< 2	7.99	4	2	1.7	3.23	7.19														
12564	Elveoverv?ings hovedelver 2021-25	40358	Altaelva	07.04.2021 07:50	0	0	7.35	7.72	1.05	1	0.33	9.31	2.28	1.75	1.01	1.18	8.54	0.466	538.783	2.7	2.7	102	21	130	59	< 2	9.7	3	1	1.9	3	6.31														
12564	Elveoverv?ings hovedelver 2021-25	40358	Altaelva	03.05.2021 17:00	0	0	7.57	8.94	1.05	1.4	0.37	10.6	2.59	1.96	1.21	1.65	10	0.543	599.322	2.7	2.6	185	15	130	58	< 2	20.6	4	2	2.5	3.29	7.26		< 0.002	0.073	< 0.003		0.24	0.38	0.7		0.2		0.009		< 0.15
12564	Elveoverv?ings hovedelver 2021-25	40358	Altaelva	07.06.2021 11:40	0	0	7.23	6.31	255	177	14	9.79	1.76	2.38	1.15	3.25	3.57	0.388	597.53	3.6	3.4	444	30	220	38	< 2	38.1	65	37	29	5.24	14.1														
12564	Elveoverv?ings hovedelver 2021-25	40358	Altaelva	07.07.2021 12:35	0	0	7.29	5.49	3.33	4	0.68	6.26	1.64	1.72	0.9	1.51	3.35	0.371	430.996	3.1	3.1	260	22	160	25	< 2	25.1	6	1	5	1.66	3.39														
12564	Elveoverv?ings hovedelver 2021-25	40358	Altaelva	09.08.2021 07:30	0	0	7.56	6.73	3.06	4	1.9	7.7	1.83	2.18	1.07	2.51	5.83	0.415	462.071	2.8	2.8	319	17	100	38	< 2	47.5	7	3	5.1	1.88	4.14		< 0.002	0.13	< 0.003		0.42	0.75	0.79		0.41		0.033		1.4
12564	Elveoverv?ings hovedelver 2021-25	40358	Altaelva	06.09.2021 12:50	0	0	7.6	6.36	5.03	4.6	2.1	7.7	1.8	1.8	1.01	1.66	5.59	0.511	472.369	2.6	2.6	395	17	78	12	2	16.6	7	5	4.5	1.82	4.05														
12564	Elveoverv?ings hovedelver 2021-25	40358	Altaelva	11.10.2021 07:35	0	0	7.41	6.64	1.27	0.9	< 0.3	8.09	2	2	1.01	1.96	6.35	0.525	490.626	3	3.1	162	17	110	41	2	26	4	2	2.7	1.76	3.94		< 0.002	0.09	< 0.003		0.17	0.46	1.21		0.25		0.007		< 0.15
12564	Elveoverv?ings hovedelver 2021-25	40358	Altaelva	01.11.2021 08:40	0	0	7.51	6.72	0.84	1.2	< 0.3	7.63	2	1.9	0.93	1.48	4.31	0.52	517.788	2.7	2.7	129	16	140	34	2	15.9	4	1	2.3	2.11	4.71														
12564	Elveoverv?ings hovedelver 2021-25	40358	Altaelva	05.12.2021 20:05	0	0	7.43	8.45	1.45	1.7	0.59	8.46	2.5	4.1	1.35	6.22	6.9	0.604	516.222	2.8	2.9	84.6	19	210	75	3	11.6	8	5	1.8	2.51	5.62														
12564	Elveoverv?ings hovedelver 2021-25	40360	Vefsna	01.02.2021 15:30	0	0	7.78	10.7	< 0.33	< 0.7	< 0.3	15	2.2	2.48	0.5	4.23	2.83	0.822	861.197	1.1	1.1	20.9	3	230	150	3	2.69	< 1	< 1	1.5	1.12	2.39														
12564	Elveoverv?ings hovedelver 2021-25	40360	Vefsna	17.02.2021 12:00	0	0	7.85	12.9	0.82	< 0.8	< 0.3	17.8	2.8	3.94	0.66	7.84	4.04	0.941	985.143	2	1.4	85	6	280	230	13	5.92	2	1	1	1.33	3.55		< 0.002	0.17	< 0.003		0.088	0.53	< 0.3		0.32		0.022		1.4
12564	Elveoverv?ings hovedelver 2021-25	40360	Vefsna	10.03.2021 13:10	0	0	7.44	6.9	0.42	< 0.6	0.36	9	1.29	2.4	0.32	4.08	1.9	0.403	508.517	1.7	1.7	57.3	13	98	65	< 2	9.78	< 1	< 1	1.2	0.851	1.73														
12564	Elveoverv?ings hovedelver 2021-25	40360	Vefsna	10.04.2021 15:45	0	0	7.55	8.11	0.42	< 1	0.31	10.3	1.6	2.84	0.33	5.54	2.05	0.515	575.266	1.7	1.7	96.4	14	100	47	< 2	14.8	2	< 1	1.3	0.741	1.6														
12564	Elveoverv?ings hovedelver 2021-25	40360	Vefsna	04.05.2021 15:05	0	0	7.58	8.62	1.47	1.4	< 0.3	11.2	1.69	2.81	0.37	4.72	1.89	0.571	656.972	1.8	1.8	115	13	110	2	< 2	11.7	1	< 1	1	0.564	1.24		< 0.002	0.087	< 0.003		0.063	0.29	0.65		0.27		0.019		< 0.15
12564	Elveoverv?ings hovedelver 2021-25	40360	Vefsna	01.06.2021 15:35	0	0	7.3	3.9	1.58	2	0.41	4.76	0.69	1.6	0.14	3.3	1.45	0.251	242.908	1.3	1.3	118	10	64	18	< 2	19.3	3	1	2.8	0.551	1.17														
12564	Elveoverv?ings hovedelver 2021-25	40360	Vefsna	05.07.2021 12:30	0	0	7.3	2.88	0.57	1	0.35	3.7	0.52	1.16	0.18	1.33	0.91	0.203	225.365	0.89	0.9	174	3	51	9	3	25.8	2	< 1	2	0.326	0.7	17.9													
12564	Elveoverv?ings hovedelver 2021-25	40360	Vefsna	09.08.2021 09:45	0	0	7.5	4.59	< 0.33	0.8	0.43	5.92	0.81	1.44	0.26	2.14	1.65	0.32	334.971	0.74	0.72	222	3	68	23	4	30.2	2	< 1	1.4	0.371	0.83		< 0.002	0.12	< 0.003		0.046	0.22	0.41		0.18		0.017		1.3
12564	Elveoverv?ings hovedelver 2021-25	40360	Vefsna	01.09.2021 13:00	0	0	7.6	4.98	0.4	< 0.8	0.27	6.88	0.93	1.6	0.25	1.81	1.38	0.453	415.095	1	0.93	314	4	58	13	3	3.46	2	1	0.99	0.444	0.98														
12564	Elveoverv?ings hovedelver 2021-25	40360	Vefsna	03.10.2021 15:00	0	0	7.64	5.57	0.38	< 2	< 0.3	7.44	1	1.7	0.29	2.39	1.78	0.48	428.982	1.3	1.2	216	8	79	20	3	26.9	1	1	1	0.588	1.33		< 0.002	0.1	< 0.003		0.049	0.16	1		0.13		0.009		< 0.15
12564	Elveoverv?ings hovedelver 2021-25	40360	Vefsna	09.11.2021 14:35	0	0	7.53	6.25	< 0.29	< 0.6	< 0.3	8.66	1.1	1.8	0.24	2.28	1.53	0.539	507.966	1.7	1.7	92.9	13	150	41	3	17.3	2	< 1	0.95	0.793	1.83														
12564	Elveoverv?ings hovedelver 2021-25	40360	Vefsna	07.12.2021 16:45	0	0	7.74	10.1	26.3	24.9	1.8	12.5	1.6	2.3	0.37	3.84	2.56	0.844	696.127	1.7	1.6	300	12	250	100	7	22	16	11	11	1.09	2.64														
12564	Elveoverv?ings hovedelver 2021-25	40361	Orreelva	20.01.2021 10:30	0	0	7.36	17.5	17.7	5.8	3.3	13.8	3.13	12.2	3.46	21.9	9.73	0.672	652.111	9.7	6.4	910	40	2100	1300	< 2	118	110	52	120	2.21	4.81														
12564	Elveoverv?ings hovedelver 2021-25	40361	Orreelva	08.02.2021 09:00	0	0	7.41	17	3.77	3.8	2.2	13.3	3.1	12.8	3.47	22.3	9.09	0.635	663.089	7.2	6	577	38	1800	1160	< 2	80.4	49	27	25	1.9	4.34		< 0.002	0.25	0.0091		0.26	1.7	1.4		0.99		0.158		4.2
12564	Elveoverv?ings hovedelver 2021-25	40361	Orreelva	01.03.2021 12:45	0	0	7.48	17.4	6.54	6.4	4.9	14	2.73	12.1	3.42	23.1	10.6	0.683	586.137	6.7	5.2	1809	37	1800	1100	34	264	73	28	53	1.15	2.55														
12564	Elveoverv?ings hovedelver 2021-25	40361	Orreelva	06.04.2021 09:25	0	0	7.4	17.1	55.2	55.3	27	15.2	2.83	11.7	3.31	26	13.7	0.637	506.263	16.5	5	6424	27	1600	840	< 2	841	170	87	200	0.76	1.52														
12564	Elveoverv?ings hovedelver 2021-25	40361	Orreelva	03.05.2021 09:00	0	0	7.54	17.7	9.85	6.9	1.6	16.5	3.07	12.3	3.57	21.8	11	0.657	821.162	7.2	5.2	1736	25	1200	520	6	266	54	11	24	0.15	0.21		< 0.002	0.42	0.027		0.34	2.1	< 0.3		1.2		0.674		5.5
12564	Elveoverv?ings hovedelver 2021-25	40361	Orreelva	07.06.2021 07:00	0	0	7.74	19.1	5.38	10.8	3.2	16.8	3.64	13.4	3.45	25.7	12.8	0.763	816.606	8.2	6.1	2347	18	650	12	67	309	69	12	47	0.248	0.56														
12564	Elveoverv?ings hovedelver 2021-25	40361	Orreelva	05.07.2021 09:00	0	0	7.66	19.9	5.52	6	3.8	18	3.89	13.4	3.43	22.8	10.8	0.831	1020.693	6	5.7	1963	17	630	< 2	< 2	166	37	5	18	0.519	1.06														
12564	Elveoverv?ings hovedelver 2021-25	40361	Orreelva	02.08.2021 08:00	0	0	7.75	20.4	8.21	10.5	14	18.9	4.05	13.2	3.71	25.4	11	0.899	999.726	9.1	6.5	4491	18	730	< 2	< 2	589	100	12	79	1.3	2.65		< 0.002	0.44	0.0099		0.33	2.36	0.92		1.28		0.596		19.3
12564	Elveoverv?ings hovedelver 2021-25	40361	Orreelva	06.09.2021 09:30	0	0	7.7	19.8	15.2	8.4	11	18.4	3.8	14	3.74	22.1	9.88	1.12	1106.175	6.7	5.2	1964	15	550	< 2	110	257	46	15	39	2.13	4.3														
12564	Elveoverv?ings hovedelver 2021-25	40361	Orreelva	04.10.2021 09:30	0	0	7.68	20.2	31.9	22.2	11	20.4	3.8	14	3.88	27.6	13.9	1.08	966.796	11.2	5.6	3807	16	1000	57	< 2	523.6	160	58	70	2.28	3.99		0.0048	1.08	0.105		1.11	3.74	2.44		2.57		3.19		19.9
12564	Elveoverv?ings hovedelver 2021-25	40361	Orreelva	01.11.2021 12:20	0	0	7.53	19	23.6	31.4	15	17	3.4	12	3.69	23.4	13.6	0.911	751.874	9.1	6.1	4446	30	1500	690	26	573	110	47	94	0.375	3.07														
12564	Elveoverv?ings hovedelver 2021-25	40361	Orreelva	06.12.2021 10:30	0	0	7.85	19	49	49.7	9.7	16.7	3.5	13	3.66	20.5	11.2	0.86	893.912	11.6	5.7	4160	27	2100	1050	13	559	160	75	97	1.64	3.96														
12564	Elveoverv?ings hovedelver 2021-25	40365	Nidelva(Tr.heim)	08.02.2021 11:15	0	0	7.16	3.64	0.93	1.7	< 0.3	3.73	0.75	2.01	0.46	3.36	1.73	0.23	209.371	2.4	2.4	88	17	240	96	< 2	13.9	4	1	< 0.1	0.915	2.01	3													
12564	Elveoverv?ings hovedelver 2021-25	40365	Nidelva(Tr.heim)	17.02.2021 11:30	0	0	7.07	4	0.54	2	< 0.3	3.76	0.72	2.91	0.45	5.34	1.77	0.207	190.325	2.2	2.3	48.2	17	170	100	< 2	7.96	2	< 1	1.5	0.96	1.97	2.5	< 0.002	0.055	< 0.003		0.14	0.58	0.75		0.58		0.008		0.44
12564	Elveoverv?ings hovedelver 2021-25	40365	Nidelva(Tr.heim)	02.03.2021 14:30	0	0	7.41	8.35	59.2	65	60	8.07	1.18	6.36	1.07	13.2	4.28	0.372	315.199	4.1	3.9	1034	37	560	380	< 2	98.7	65	44	44	4.41	12.9	5.2													
12564	Elveoverv?ings hovedelver 2021-25	40365	Nidelva(Tr.heim)	06.04.2021 12:00	0	0	7.13	4.03	1.58	1.4	1.3	4.28	0.72	2.04	0.43	4.36	2.3	0.217	192.383	3.4	3.3	138	20	230	130	< 2	17.3	4	2	2.3	1.04	2.13	4													
12564	Elveoverv?ings hovedelver 2021-25	40365	Nidelva(Tr.heim)	03.05.2021 11:00	0	0	7.21	5	0.92	1	0.43	4.38	0.8	2.18	0.42	4.42	2.18	0.238	212.023	2.5	2.5	138	19	180	110	< 2	21.1	3	2	2.3	0.961	2.03	4.9	< 0.002	0.071	< 0.003		0.16	0.61	0.81		0.65		0.011		0.41
12564	Elveoverv?ings hovedelver 2021-25	40365	Nidelva(Tr.heim)	07.06.2021 11:20	0	0	7.1	3.82	0.81	0.9	0.37	3.81	0.74	2.3	0.39	3.68	1.52	0.195	220.425	2.3	2.4	138	17	170	72	6	11.5	3	1	2.4	0.93	1.98	8.3													
12564	Elveoverv?ings hovedelver 2021-25	40365	Nidelva(Tr.heim)	05.07.2021 11:30	0	0	7.09	3	1.16	1.4	0.43	3.32	0.63	1.81	0.36	2.67	1.32	0.164	200.853	2.2	2.1	310	15	130	25	7	34.8	3	< 1	3	0.771	1.63	18													
12564	Elveoverv?ings hovedelver 2021-25	40365	Nidelva(Tr.heim)	02.08.2021 10:40	0	0	7.24	3.6	0.79	1.3	0.41	3.76	0.68	1.79	0.4	2.97	1.57	0.196	212.266	2.2	2.2	238	15	110	41	9	29.6	4	< 1	3	0.794	1.66	13.7	< 0.002	0.062	< 0.003		0.13	0.59	0.65		0.58		0.017		4.6
12564	Elveoverv?ings hovedelver 2021-25	40365	Nidelva(Tr.heim)	06.09.2021 10:45	0	0	7.3	3.78	1.26	1.4	0.66	3.92	0.72	2.1	0.45	3.49	2.08	0.256	211.446	2.8	2.8	390	20	160	63	2	15.9	4	2	3.1	0.853	1.9	9.8													
12564	Elveoverv?ings hovedelver 2021-25	40365	Nidelva(Tr.heim)	07.10.2021 09:00	0	0	7.14	3.16	0.58	1	< 0.3	3.55	0.6	1.4	0.39	2.38	1.62	0.218	192.086	3.3	3.2	205	25	130	62	8	22.2	3	2	2.4	0.864	1.88	9.7	< 0.002	0.066	< 0.003		0.15	0.66	1.57		0.7		0.019		0.65
12564	Elveoverv?ings hovedelver 2021-25	40365	Nidelva(Tr.heim)	01.11.2021 15:20	0	0	7.25	4.21	0.72	1.1	0.45	4.62	0.8	2.1	0.47	1.39	0.88	0.282	339.186	2.8	2.8	137	24	210	42	3	23	4	2	2.7	0.98	2.15	5.2													
12564	Elveoverv?ings hovedelver 2021-25	40365	Nidelva(Tr.heim)	05.12.2021 11:45	0	0	7.02	3.33	1.17	1.6	0.57	3.72	0.61	1.5	0.39	2.16	1.34	0.238	215.705	2.7	2.6	148	21	200	91	3	14.6	3	1	2	0.955	2.24	4													
12564	Elveoverv?ings hovedelver 2021-25	40372	Pasvikelva	24.01.2021 13:30	0	0	7	3.25	< 0.25	< 0.5	< 0.3	2.93	1.13	1.6	0.41	1.06	2.28	0.236	238.379	3	3.2	81.9	15	400	49	3	9.61	2	< 1	1.7	2.75	5.88	3.1													
12564	Elveoverv?ings hovedelver 2021-25	40372	Pasvikelva	14.02.2021 11:00	0	0	7.04	3.16	< 0.29	< 0.6	< 0.3	2.84	1.17	1.64	0.42	1.2	2.64	0.22	226.659	2.6	2.7	52.5	13	150	64	< 2	10.8	2	< 1	1.6	2.72	5.61	3.1	< 0.002	0.048	< 0.003		0.12	0.4	0.38		0.67		< 0.005		0.22
12564	Elveoverv?ings hovedelver 2021-25	40372	Pasvikelva	02.03.2021 08:45	0	0	7.1	3.16	< 0.33	< 0.5	< 0.3	2.86	1.08	1.55	0.36	1.13	2.67	0.235	216.154	2.6	2.7	81.3	10	150	64	< 2	8.45	2	< 1	0.3	2.69	5.72	0.3													
12564	Elveoverv?ings hovedelver 2021-25	40372	Pasvikelva	05.04.2021 14:00	0	0	6.98	3.31	0.68	1.2	< 0.3	2.81	0.9	2.93	0.33	4.87	2.34	0.18	154.775	2.1	2.2	85.7	14	270	130	10	11.7	4	< 1	1.9	2.62	2.71	0.3													
12564	Elveoverv?ings hovedelver 2021-25	40372	Pasvikelva	03.05.2021 09:30	0	0	7.01	2.75	1.27	1.4	2.6	2.37	0.84	1.39	0.42	1.27	2.1	0.183	177.952	2.6	2.6	769	12	110	15	6	78.3	7	2	8.7	2.11	4.36	0.5	< 0.002	0.055	0.0033		0.12	1.2	0.76		1.37		0.068		1.2
12564	Elveoverv?ings hovedelver 2021-25	40372	Pasvikelva	06.06.2021 20:00	0	0	7.18	4.03	1.51	1.4	0.61	3.63	1.27	1.79	0.45	1.43	4.68	0.216	236.566	3.8	3.7	288	25	320	9	6	30.6	6	2	4.9	2.2	4.71	9.5													
12564	Elveoverv?ings hovedelver 2021-25	40372	Pasvikelva	05.07.2021 08:04	0	0	6.81	3.48	1.1	1.2	0.36	3.17	1.17	1.63	0.43	1.24	2.86	0.195	241.666	3.8	3.8	303	21	120	< 2	< 2	38.7	4	< 1	4	1.55	3.38	19.4													
12564	Elveoverv?ings hovedelver 2021-25	40372	Pasvikelva	01.08.2021 17:15	0	0	7.17	3.36	0.65	1	0.6	3.07	1.18	1.63	0.39	1.22	3.23	0.195	229.337	3.3	3.3	260	16	140	< 2	3	9.81	6	< 1	4	2.06	4.27	15	< 0.002	0.11	0.0034		0.13	1.23	0.56		6.12		0.008		1.5
12564	Elveoverv?ings hovedelver 2021-25	40372	Pasvikelva	05.09.2021 14:45	0	0	7.3	3.37	0.82	1.8	0.73	3.1	1.2	1.7	0.39	1.3	3.98	0.236	217.652	3.6	3.6	358	19	130	< 2	2	27.3	6	2	3.7	2.16	4.59	10.5													
12564	Elveoverv?ings hovedelver 2021-25	40372	Pasvikelva	03.10.2021 17:30	0	0	7.23	3.27	0.98	< 0.8	0.34	2.95	1.1	1.6	0.4	1.22	3.01	0.238	220.085	3.6	3.5	247	19	89	5	2	27	4	3	4.1	2.12	4.87	8.7	< 0.002	0.071	< 0.003		0.14	0.76	1.32		3.56		< 0.005		< 0.15
12564	Elveoverv?ings hovedelver 2021-25	40372	Pasvikelva	02.11.2021 08:30	0	0	7.11	3.67	0.69	0.9	0.63	3.41	1.3	1.7	0.42	1.16	3.37	0.25	257.907	3.2	3.2	190	19	130	14	5	24.2	4	< 1	2.2	2.48	5.29	1.8													
12564	Elveoverv?ings hovedelver 2021-25	40372	Pasvikelva	07.12.2021 08:30	0	0	7.12	3.25	< 0.33	< 0.8	< 0.3	3	1.1	1.6	0.39	1.19	2.54	0.246	230.098	3.1	3.1	89.5	17	150	45	10	10.9	3	1	2.1	2.78	5.81	3.1													
12564	Elveoverv?ings hovedelver 2021-25	40373	Tanaelva	25.01.2021 13:00	0	0	7.13	6.16	0.45	0.5	< 0.3	5.66	1.97	2.57	0.84	2.14	4.57	0.414	417.114	2.1	2.1	86.8	13	430	72	33	11.1	2	< 1	2.2	5.08	12.1	0													
12564	Elveoverv?ings hovedelver 2021-25	40373	Tanaelva	10.02.2021 13:00	0	0	7.11	6.18	0.44	< 0.6	< 0.3	6.15	2.07	2.69	0.93	2.3	5.13	0.433	439.998	1.9	2	102	12	210	88	8	10.9	3	1	1.8	5.17	11.7	0	< 0.002	0.033	< 0.003		0.3	0.5	0.4		0.33		0.009		1.4
12564	Elveoverv?ings hovedelver 2021-25	40373	Tanaelva	01.03.2021 13:00	0	0	7.24	6.74	0.51	1.4	0.5	6.65	2.11	2.8	0.89	2.59	5.69	0.472	451.304	1.8	1.9	228	9	210	100	7	27.4	3	< 1	3.3	5.45	11.9	0													
12564	Elveoverv?ings hovedelver 2021-25	40373	Tanaelva	07.04.2021 12:00	0	0	7.16	6.67	1.12	< 0.8	0.34	6.43	2.13	3.06	0.93	3.29	5.56	0.399	437.909	1.6	1.7	125	10	290	91	14	16.3	3	< 1	2	4.87	10.9	0.1													
12564	Elveoverv?ings hovedelver 2021-25	40373	Tanaelva	03.05.2021 09:00	0	0	7.42	6.14	0.81	0.8	0.31	6.01	1.86	2.46	1.05	2.53	4.51	0.388	420.222	2.4	2.4	261	15	150	18	< 2	42.6	4	1	2.9	4.28	9.51	0	< 0.002	0.03	< 0.003		0.26	0.47	0.81		0.36		0.016		0.99
12564	Elveoverv?ings hovedelver 2021-25	40373	Tanaelva	07.06.2021 12:15	0	0	6.98	2.71	3.45	1.6	0.66	2.28	0.82	1.53	0.51	1.41	1.45	0.177	190.577	4	4.1	310	33	170	4	< 2	28.9	6	3	4.5	1.89	4.06	10.9													
12564	Elveoverv?ings hovedelver 2021-25	40373	Tanaelva	05.07.2021 10:30	0	0	7.22	4.49	0.51	< 0.8	< 0.3	3.95	1.33	2.4	0.63	2.55	2.84	0.261	295.396	2.3	2.2	206	13	100	8	< 2	18.8	3	< 1	3	2.28	4.92	18.3													
12564	Elveoverv?ings hovedelver 2021-25	40373	Tanaelva	02.08.2021 11:00	0	0	7.38	4.82	0.86	1.3	0.48	4.45	1.6	2.6	0.56	2.55	3.03	0.277	345.94	3.6	3.6	274	25	84	< 2	< 2	31.7	5	< 1	3.6	2.5	5.25	12.4	< 0.002	0.062	< 0.003		0.22	0.42	1.06		0.37		0.012		4.4
12564	Elveoverv?ings hovedelver 2021-25	40373	Tanaelva	06.09.2021 11:45	0	0	7.5	4.59	0.64	1.1	0.54	4.3	1.5	2.5	0.61	2.58	3.34	0.352	319.428	2.4	2.3	336	13	110	8	4	15.2	4	2	2.4	2.71	5.91	7.6													
12564	Elveoverv?ings hovedelver 2021-25	40373	Tanaelva	04.10.2021 12:30	0	0	7.39	4.85	0.84	3	0.73	4.51	1.5	2.5	0.71	2.59	3.56	0.356	327.531	3	3	341	19	95	9	3	42	6	4	4.2	3.17	7.52	7.8	< 0.002	0.052	< 0.003		0.47	0.41	1.56		0.38		0.029		0.3
12564	Elveoverv?ings hovedelver 2021-25	40373	Tanaelva	01.11.2021 13:15	0	0	7.42	6.24	1.13	0.8	0.55	4.78	1.7	4.3	0.77	4.95	3.03	0.371	380.611	3.6	3.6	218	28	150	25	< 2	29.3	5	2	2.9	3.87	9.9	0.1													
12564	Elveoverv?ings hovedelver 2021-25	40373	Tanaelva	06.12.2021 12:30	0	0	7.28	5.59	0.68	1	0.45	5.31	1.7	2.7	0.71	2.96	4.4	0.4	361.964	2.9	2.9	88.5	20	150	47	< 2	12.2	3	< 1	2	4.49	10.5	0													
12564	Elveoverv?ings hovedelver 2021-25	40374	Vosso(Bolstadelvi)	25.01.2021 13:30	0	0	6.28	1.25	< 0.25	< 0.7	< 0.3	0.764	0.29	0.99	0.2	1.48	0.73	0.068	46.928	0.81	0.83	100	6	120	88	< 2	7.95	1	< 1	1.5	0.398	0.89														
12564	Elveoverv?ings hovedelver 2021-25	40374	Vosso(Bolstadelvi)	08.02.2021 11:00	0	0	6.43	1.26	< 0.49	< 0.6	< 0.3	0.764	0.29	1.02	0.2	1.53	0.75	0.069	46.763	0.59	0.66	68.3	4	97	83	< 2	6.47	1	< 1	1.5	0.366	0.76		< 0.002	0.044	< 0.003		0.03	0.21	0.72		0.23		0.015		0.58
12564	Elveoverv?ings hovedelver 2021-25	40374	Vosso(Bolstadelvi)	01.03.2021 12:35	0	0	6.16	1.5	0.85	0.8	0.73	0.933	0.31	1.15	0.26	1.86	1.01	0.091	43.81	1.3	1.3	143	9	210	160	< 2	12.8	5	2	3.7	0.552	1.17														
12564	Elveoverv?ings hovedelver 2021-25	40374	Vosso(Bolstadelvi)	06.04.2021 09:48	0	0	6.34	1.56	0.74	< 0.4	0.59	1.02	0.34	1.17	0.29	2.25	1.22	0.073	34.026	1.3	1.4	198	11	160	200	< 2	25.5	4	< 1	4.7	0.561	1.18														
12564	Elveoverv?ings hovedelver 2021-25	40374	Vosso(Bolstadelvi)	03.05.2021 11:45	0	0	6.53	1.61	0.45	< 0.8	0.31	1.02	0.32	1.24	0.24	2.23	1.13	0.073	38.728	1.2	1.1	172	6	200	170	< 2	28.9	3	1	2.4	0.514	1.13		< 0.002	0.046	0.0053		0.047	0.36	0.97		0.29		0.028		0.87
12564	Elveoverv?ings hovedelver 2021-25	40374	Vosso(Bolstadelvi)	07.06.2021 11:50	0	0	6.46	1.16	< 0.5	1	0.37	0.752	0.2	0.88	0.21	1.13	0.64	0.06	47.285	0.92	0.9	137	5	110	72	9	13.9	2	< 1	2	0.453	0.99														
12564	Elveoverv?ings hovedelver 2021-25	40374	Vosso(Bolstadelvi)	05.07.2021 13:05	0	0	6.58	0.95	< 0.5	0.8	< 0.3	0.606	0.17	0.71	0.17	0.82	0.61	0.056	40.769	0.77	0.79	271	4	75	40	3	23.2	2	< 1	2	0.319	0.72														
12564	Elveoverv?ings hovedelver 2021-25	40374	Vosso(Bolstadelvi)	02.08.2021 11:30	0	0	6.49	0.95	0.57	0.8	0.38	0.63	0.17	0.71	0.17	1	0.81	0.062	33.368	0.76	0.72	200	4	71	31	15	25.1	2	< 1	2.5	0.243	0.54		< 0.002	0.055	0.004		0.028	0.26	0.6		0.2		0.022		1.5
12564	Elveoverv?ings hovedelver 2021-25	40374	Vosso(Bolstadelvi)	13.09.2021 12:20	0	0	6.5	1.07	0.43	0.8	0.33	0.654	0.19	0.8	0.17	1.24	0.74	0.069	34.028	0.73	0.69	542	5	54	42	8	24.9	3	1	1.9	0.246	0.56														
12564	Elveoverv?ings hovedelver 2021-25	40374	Vosso(Bolstadelvi)	05.10.2021 10:00	0	0	6.52	1.18	0.95	0.7	< 0.3	0.81	0.22	0.9	0.22	1.27	0.94	0.074	42.184	1.3	1.3	238	8	95	80	9	20.1	3	1	2.2	0.407	0.91		< 0.002	0.066	< 0.003		0.049	0.25	1.53		0.2		0.034		0.41
12564	Elveoverv?ings hovedelver 2021-25	40374	Vosso(Bolstadelvi)	01.11.2021 12:40	0	0	6.47	1.3	0.73	1.1	0.52	0.896	0.25	0.9	0.24	1.06	0.81	0.076	55.942	1.8	1.7	306	15	220	110	6	39.8	4	1	3.1	0.553	1.28														
12564	Elveoverv?ings hovedelver 2021-25	40374	Vosso(Bolstadelvi)	06.12.2021 10:45	0	0	6.57	1.38	0.41	1.3	< 0.3	0.929	0.25	1	0.23	1.27	0.8	0.074	55.968	1.4	1.5	122	11	210	110	6	13.2	4	1	2.3	0.534	1.27														
12564	Elveoverv?ings hovedelver 2021-25	40375	Driva	09.02.2021 09:00	0	0	7.02	3.24	< 0.25	< 0.8	< 0.3	3.31	0.5	1.69	0.69	2.44	2.69	0.18	164.058	1.1	1	70.2	5	150	120	2	6.16	< 1	< 1	1.1	1.26	2.71	0.4													
12564	Elveoverv?ings hovedelver 2021-25	40375	Driva	22.02.2021 07:30	0	0	7.05	3.29	0.51	1	< 0.3	3.39	0.5	1.68	0.71	2.56	3.06	0.181	154.895	1	1.1	38.1	5	180	150	6	6.62	1	< 1	1.6	1.29	2.7	2	< 0.002	0.043	< 0.003		0.13	0.42	0.32		0.15		< 0.005		0.22
12564	Elveoverv?ings hovedelver 2021-25	40375	Driva	01.03.2021 12:00	0	0	7.05	4.89	0.71	< 0.8	0.59	4.88	0.65	2.34	1.45	3.97	4.78	0.242	200.067	1.9	1.9	176	10	480	340	< 2	15.8	9	4	4.8	1.71	3.59	1.5													
12564	Elveoverv?ings hovedelver 2021-25	40375	Driva	06.04.2021 09:00	0	0	7.12	5.35	0.65	0.6	0.35	5.41	0.74	2.68	1.21	5.63	6.12	0.242	165.705	2.2	2.2	138	3	470	370	< 2	18.5	2	< 1	2.1	1.51	3.12	1.5													
12564	Elveoverv?ings hovedelver 2021-25	40375	Driva	03.05.2021 09:00	0	0	7.08	4.09	0.86	< 0.6	< 0.3	4.24	0.57	2	0.8	3.73	3.7	0.188	170.107	1.5	1.4	171	7	240	190	< 2	17.7	2	1	2	1.12	2.36	1.5	< 0.002	0.044	< 0.003		0.14	0.57	0.42		0.21		0.007		0.31
12564	Elveoverv?ings hovedelver 2021-25	40375	Driva	31.05.2021 10:00	0	0	6.79	2.17	28	19.3	1.7	2.34	0.33	1	0.42	1.95	1.78	0.118	103.233	1.8	1.8	446	11	110	40	< 2	38.6	23	17	21	1.19	2.35	4													
12564	Elveoverv?ings hovedelver 2021-25	40375	Driva	05.07.2021 11:00	0	0	6.99	2.19	1.31	1.3	< 0.3	2.43	0.29	0.92	0.52	0.83	1.86	0.129	133.722	0.61	0.59	317	3	65	36	< 2	15.3	3	< 1	3	0.862	1.79	11													
12564	Elveoverv?ings hovedelver 2021-25	40375	Driva	02.08.2021 15:00	0	0	7.07	2.91	0.5	0.8	< 0.3	3.14	0.4	1.25	0.7	1.35	2.74	0.152	162.169	0.68	0.66	125	3	80	64	< 2	17.7	2	< 1	1	1.13	2.41	14	< 0.002	0.027	< 0.003		0.1	0.41	0.4		0.11		0.011		3.9
12564	Elveoverv?ings hovedelver 2021-25	40375	Driva	06.09.2021 09:00	0	0	7.1	2.57	0.48	1.7	0.35	2.85	0.36	1.2	0.59	1.42	2.65	0.18	139.819	0.94	0.89	106	4	86	57	3	10.2	2	1	2	1.14	2.53	14.5													
12564	Elveoverv?ings hovedelver 2021-25	40375	Driva	04.10.2021 15:00	0	0	7.19	2.91	6.33	6	1.2	3.55	0.43	0.9	0.77	0.87	2.97	0.215	182.199	1.8	1.7	610	12	120	39	6	67	9	4	5.8	1.35	3.09	9	< 0.002	0.045	< 0.003		0.36	0.86	2.24		0.27		0.06		0.59
12564	Elveoverv?ings hovedelver 2021-25	40375	Driva	02.11.2021 15:00	0	0	7.11	2.9	0.99	1.3	< 0.3	3.08	0.4	1.3	0.62	1.31	2.2	0.186	170.39	1.6	1.6	280	11	180	82	3	32.9	3	1	1.7	1.41	3.18	5.4													
12564	Elveoverv?ings hovedelver 2021-25	40375	Driva	06.12.2021 19:00	0	0	7.15	3.59	< 0.33	< 1	< 0.3	3.68	0.47	1.7	0.73	2.06	2.76	0.211	187.915	1.1	1.1	124	5	250	160	6	10.3	2	< 1	1.1	1.45	3.32	0.9													
12564	Elveoverv?ings hovedelver 2021-25	40383	Bjerkreimselva	01.02.2021 11:00	0	0	6.3	3.27	0.45	< 0.4	0.33	1.21	0.66	3.47	0.3	6.42	1.38	0.073	37.751	1.5	1.5	129	12	450	360	< 2	12.4	4	1	3.4	0.801	1.79	1.5													
12564	Elveoverv?ings hovedelver 2021-25	40383	Bjerkreimselva	01.03.2021 12:00	0	0	6.33	3.02	0.63	< 1.3	0.52	1.03	0.52	3.3	0.26	5.91	1.27	0.068	29.082	1.5	1.5	229	12	390	310	< 2	14.6	5	1	3.7	0.69	1.46	4.6	< 0.002	0.088	0.017		0.054	0.24	0.97		0.13		0.171		2.4
12564	Elveoverv?ings hovedelver 2021-25	40383	Bjerkreimselva	08.03.2021 11:30	0	0	6.56	3.27	< 0.49	< 0.6	0.9	1.24	0.63	3.76	0.42	7.73	1.65	0.074	4.892	1.9	1.5	147	10	520	430	< 2	21.4	4	1	2.9	0.823	1.66	4.8													
12564	Elveoverv?ings hovedelver 2021-25	40383	Bjerkreimselva	06.04.2021 15:30	0	0	6.41	3.39	0.43	1	0.32	1.26	0.64	3.76	0.3	8.46	1.99	0.066	-21.883	1.4	1.3	164	12	410	400	< 2	19.4	3	< 1	2.7	0.737	1.63	4.8													
12564	Elveoverv?ings hovedelver 2021-25	40383	Bjerkreimselva	03.05.2021 13:15	0	0	6.57	3.2	< 0.5	1.3	< 0.3	1.28	0.62	3.4	0.25	7.06	1.69	0.073	8.41	1.6	1.5	223	10	460	370	< 2	27.7	3	1	2.3	0.543	1.17	9.9	< 0.002	0.076	0.012		0.052	0.18	0.84		0.1		0.096		1.5
12564	Elveoverv?ings hovedelver 2021-25	40383	Bjerkreimselva	07.06.2021 15:00	0	0	6.64	2.77	0.51	< 1.3	< 0.3	1.06	0.53	2.94	0.22	4.86	1.11	0.089	55.524	1.4	1.4	171	9	370	200	13	20.5	3	< 1	2.6	0.487	1.06	17.9													
12564	Elveoverv?ings hovedelver 2021-25	40383	Bjerkreimselva	05.07.2021 13:30	0	0	6.56	2.78	0.68	0.4	0.33	1.13	0.57	2.91	0.23	4.74	1.12	0.07	63.007	1.6	1.6	343	8	340	220	9	27.6	4	< 1	4	0.495	1.09	20.6													
12564	Elveoverv?ings hovedelver 2021-25	40383	Bjerkreimselva	02.08.2021 14:00	0	0	6.69	2.98	0.85	< 0.8	0.35	1.24	0.62	3.14	0.24	5.57	1.34	0.075	55.592	1.7	1	297	12	320	210	2	25.3	5	< 1	3.8	0.582	1.24	19.6	< 0.002	0.092	0.0094		0.052	0.3	0.93		0.14		0.121		5.9
12564	Elveoverv?ings hovedelver 2021-25	40383	Bjerkreimselva	06.09.2021 15:00	0	0	6.8	2.93	0.62	< 0.6	0.45	1.24	0.6	3	0.25	5.56	1.47	0.093	39.974	1.6	1.7	481	9	360	290	15	27.8	5	1	3	0.514	1.15	18													
12564	Elveoverv?ings hovedelver 2021-25	40383	Bjerkreimselva	04.10.2021 13:45	0	0	6.48	2.66	0.51	< 2	< 0.3	1.08	0.53	3	0.26	5.67	1.41	0.078	25.348	1.9	1.8	321	12	370	280	17	38.9	5	2	3.5	0.608	1.4	13.2	< 0.002	0.075	0.013		0.042	0.15	0.84		0.041		0.149		1.6
12564	Elveoverv?ings hovedelver 2021-25	40383	Bjerkreimselva	01.11.2021 17:10	0	0	6.45	3.17	1.01	1.1	0.59	1.21	0.58	3.4	0.36	5.43	1.27	0.078	65.589	2	2	422	15	440	280	6	54.6	6	2	4.8	0.698	1.62	9.4													
12564	Elveoverv?ings hovedelver 2021-25	40383	Bjerkreimselva	07.12.2021 16:30	0	0	6.53	3.3	0.54	1.8	0.44	1.42	0.65	3.4	0.32	5.31	1.32	0.084	73.861	1.6	1.5	159	12	550	410	7	14.9	4	1	2.8	0.885	1.94	1.7													
12564	Elveoverv?ings hovedelver 2021-25	40387	Vikedalselva	25.01.2021 10:00	0	0	6.4	2.37	0.62	< 1	0.31	1.14	0.46	2.25	0.24	3.72	1.29	0.079	50.521	1.3	1.2	155	10	310	230	10	14.7	3	1	4.6	0.527	1.17	0													
12564	Elveoverv?ings hovedelver 2021-25	40387	Vikedalselva	15.02.2021 11:45	0	0	6.51	3.23	0.44	0.8	0.31	2.03	0.7	3.07	0.48	5.03	2.36	0.118	85.111	0.87	0.87	113	6	440	400	6	13.2	3	< 1	2.1	0.944	1.95		< 0.002	0.23	0.013		0.05	0.55	0.65		0.33		0.052		3.5
12564	Elveoverv?ings hovedelver 2021-25	40387	Vikedalselva	01.03.2021 13:30	0	0	6.28	1.94	1	< 0.6	0.41	0.895	0.35	1.93	0.18	3.32	1.22	0.078	28.675	1.1	1.1	141	8	250	200	< 2	3.3	3	< 1	2.9	0.454	0.96														
12564	Elveoverv?ings hovedelver 2021-25	40387	Vikedalselva	06.04.2021 12:45	0	0	6.45	2.31	0.62	< 0.6	0.4	1.19	0.44	2.1	0.25	4.43	1.72	0.069	12.551	1.2	1.1	221	12	320	280	20	27	4	< 1	3.4	0.464	0.98														
12564	Elveoverv?ings hovedelver 2021-25	40387	Vikedalselva	03.05.2021 12:20	0	0	6.6	2.48	0.43	1	< 0.3	1.4	0.46	2.32	0.23	4.54	1.72	0.081	33.488	1.1	1	186	8	260	240	< 2	15.7	3	1	2.1	0.473	1.01		< 0.002	0.19	0.0076		0.033	0.29	0.9		0.21		0.053		0.99
12564	Elveoverv?ings hovedelver 2021-25	40387	Vikedalselva	07.06.2021 12:00	0	0	6.64	1.84	0.36	0.9	< 0.3	0.813	0.36	1.87	0.19	3.16	1.13	0.075	35.868	0.97	0.94	101	5	150	110	6	13.2	2	1	2	0.344	0.75														
12564	Elveoverv?ings hovedelver 2021-25	40387	Vikedalselva	06.07.2021 09:00	0	0	6.73	2.74	3.47	4.8	1.5	1.38	0.49	2.11	0.64	3.02	1.32	0.094	88.225	2.6	2.5	727	17	740	230	260	82	21	8	16	0.403	0.89														
12564	Elveoverv?ings hovedelver 2021-25	40387	Vikedalselva	02.08.2021 11:35	0	0	6.6	1.86	0.69	0.6	0.35	0.915	0.38	1.84	0.22	2.88	1.13	0.073	52.606	1.4	1.3	225	7	250	73	< 2	24.9	3	< 1	2.6	0.275	0.61		< 0.002	0.27	0.0041		0.045	0.32	0.71		0.2		0.06		4.9
12564	Elveoverv?ings hovedelver 2021-25	40387	Vikedalselva	06.09.2021 13:10	0	0	7	2.9	0.53	0.8	0.36	1.74	0.51	2.5	0.44	3.78	2.09	0.134	86.501	1.1	1.1	572	6	220	170	6	16	4	2	2.1	0.396	0.89														
12564	Elveoverv?ings hovedelver 2021-25	40387	Vikedalselva	04.10.2021 12:30	0	0	6.41	1.99	0.61	1.3	0.37	0.897	0.37	1.9	0.22	3.55	1.23	0.066	25.586	2	1.9	457	14	280	170	9	30.5	4	2	3.3	0.356	0.83		< 0.002	0.21	0.01		0.066	0.35	1.2		0.24		0.138		1.3
12564	Elveoverv?ings hovedelver 2021-25	40387	Vikedalselva	01.11.2021 13:10	0	0	6.34	1.85	0.81	1.5	0.37	0.87	0.32	1.8	0.2	2.59	0.93	0.068	50.017	1.9	1.9	329	15	270	150	6	54.3	4	1	2.7	0.418	0.97														
12564	Elveoverv?ings hovedelver 2021-25	40387	Vikedalselva	06.12.2021 13:30	0	0	6.59	2.6	0.36	< 0.8	< 0.3	1.66	0.5	2.3	0.33	3.12	1.42	0.1	92.025	1.2	1.2	149	9	420	320	10	9.78	3	1	1.7	0.667	1.58														
12564	Elveoverv?ings hovedelver 2021-25	40391	Nausta	20.01.2021 10:30	0	0	6.41	2.37	< 0.49	< 0.8	0.32	1.21	0.53	1.99	0.4	3.28	1.15	0.096	67.88	1.2	1.2	83.4	9	310	230	< 2	5.41	3	2	1.8	1.07	2.37														
12564	Elveoverv?ings hovedelver 2021-25	40391	Nausta	22.02.2021 11:00	0	0	6.16	1.57	8.4	5.1	1	0.567	0.35	1.71	0.31	3.02	0.79	0.062	25.621	2.3	2.4	624	24	280	170	< 2	47.8	16	9	13	0.88	1.83	0.2	< 0.002	0.042	0.0082		0.12	0.32	1.53		0.21		0.189		1.7
12564	Elveoverv?ings hovedelver 2021-25	40391	Nausta	03.03.2021 11:00	0	0	5.98	1.22	1.19	0.7	1.5	0.414	0.23	1.28	0.18	2.13	0.64	0.063	20.241	1.9	1.9	157	17	160	87	< 2	9.82	4	2	2.8	0.545	1.14	2.4													
12564	Elveoverv?ings hovedelver 2021-25	40391	Nausta	13.04.2021 13:00	0	0	6.28	1.87	0.3	1	< 0.3	0.79	0.39	1.82	0.33	3.29	0.95	0.055	37.245	1.6	1.5	100	16	180	130	< 2	16.2	2	1	1.7	0.64	1.4	3.9													
12564	Elveoverv?ings hovedelver 2021-25	40391	Nausta	03.05.2021 07:30	0	0	6.32	1.84	1.55	0.9	0.31	0.679	0.36	1.92	0.23	4.22	0.91	0.055	10.989	1.7	1.7	191	15	97	55	< 2	32.6	4	2	4	0.551	1.17	5.1	< 0.002	< 0.025	0.0043		0.05	0.17	0.97		0.097		0.048		0.9
12564	Elveoverv?ings hovedelver 2021-25	40391	Nausta	01.06.2021 08:30	0	0	6.18	1.1	0.41	0.4	< 0.3	0.36	0.2	1.16	0.093	2.39	0.68	0.058	4.396	0.83	0.83	118	7	54	18	< 2	13.4	2	1	1.8	0.287	0.63	10.8													
12564	Elveoverv?ings hovedelver 2021-25	40391	Nausta	05.07.2021 12:00	0	0	6.47	0.94	0.68	1	< 0.3	0.342	0.17	1.03	0.13	1.27	0.54	0.053	31.899	1	0.91	263	7	44	3	4	24.9	3	< 1	3	0.071	0.19	19													
12564	Elveoverv?ings hovedelver 2021-25	40391	Nausta	02.08.2021 11:30	0	0	6.58	1.17	0.35	1	< 0.3	0.497	0.24	1.19	0.2	1.67	0.71	0.058	39.391	1.1	1.1	249	7	79	2	< 2	25.2	3	< 1	2.5	0.053	0.13	15.6	< 0.002	< 0.025	< 0.003		< 0.025	0.18	0.67		0.067		0.026		4.4
12564	Elveoverv?ings hovedelver 2021-25	40391	Nausta	07.09.2021 09:30	0	0	6.8	1.51	0.77	1.1	0.5	0.816	0.32	1.3	0.34	1.94	1.11	0.088	49.669	1	0.96	406	5	120	67	5	18.2	3	1	2.1	0.268	0.61	12.9													
12564	Elveoverv?ings hovedelver 2021-25	40391	Nausta	04.10.2021 16:00	0	0	6.12	1.79	2.04	2.5	0.75	0.796	0.37	1.7	0.39	3.03	0.86	0.064	46.35	5.1	4.8	576	45	270	61	< 2	48	15	8	8	0.729	1.58	9.8	< 0.002	0.049	0.009		0.12	0.48	3.11		0.23		0.199		1.9
12564	Elveoverv?ings hovedelver 2021-25	40391	Nausta	02.11.2021 14:30	0	0	6.18	1.12	0.51	0.9	< 0.3	0.451	0.2	1.1	0.18	1.41	0.5	0.055	36.37	1.9	1.9	145	22	170	68	< 2	27.7	4	3	2.6	0.508	1.17	7.1													
12564	Elveoverv?ings hovedelver 2021-25	40391	Nausta	07.12.2021 09:30	0	0	6.43	1.72	0.51	< 1.3	< 0.3	0.761	0.34	1.6	0.26	2.47	0.71	0.064	44.88	1.2	1.3	81.1	11	220	180	3	9.33	3	2	1.2	0.782	1.84	0.2													
12564	Elveoverv?ings hovedelver 2021-25	40411	Veg?dselva	25.01.2021 13:30	0	0	6.27	2.73	1.92	1.5	1.5	1.6	0.46	2.43	0.33	4.41	1.48	0.079	66.617	5.6	5.6	268	46	480	140	34	23.7	7	2	5.6	1.36	2.89														
12564	Elveoverv?ings hovedelver 2021-25	40411	Veg?dselva	08.02.2021 10:45	0	0	6.38	2.69	1.19	1	0.77	1.64	0.47	2.36	0.31	4.13	1.63	0.086	69.939	5.2	5.3	277	44	380	150	31	23.3	6	< 1	4.1	1.49	3.08		< 0.002	0.22	0.039		0.2	0.61	2.06		0.47		0.373		7.3
12564	Elveoverv?ings hovedelver 2021-25	40411	Veg?dselva	01.03.2021 11:00	0	0	6.29	3.03	2.38	2.3	1.9	1.62	0.51	2.84	0.36	5.14	1.69	0.09	62.509	4.9	4.9	303	33	430	180	40	25.7	8	3	6.9	1.52	3.19														
12564	Elveoverv?ings hovedelver 2021-25	40411	Veg?dselva	06.04.2021 13:20	0	0	6.36	2.31	1.48	4	0.92	1.3	0.4	1.98	0.29	3.46	1.58	0.068	49.399	4.6	4.4	389	35	360	160	24	32.7	9	2	7	1.28	2.85														
12564	Elveoverv?ings hovedelver 2021-25	40411	Veg?dselva	03.05.2021 11:10	0	0	6.48	2.5	1.77	1.4	0.92	1.43	0.43	2.3	0.37	4.53	1.98	0.072	36.525	4.3	4.2	391	26	300	150	< 2	43.8	6	2	4.4	1.07	2.35		0.0058	0.22	0.032		0.14	0.48	1.72		0.37		0.217		5.3
12564	Elveoverv?ings hovedelver 2021-25	40411	Veg?dselva	07.06.2021 08:40	0	0	6.51	2.4	1.61	1.1	1.1	1.54	0.42	2.12	0.31	3	1.41	0.083	92.993	5.1	4.9	394	35	260	64	13	34.1	6	2	5.5	0.594	1.22														
12564	Elveoverv?ings hovedelver 2021-25	40411	Veg?dselva	05.07.2021 12:40	0	0	6.6	2.77	2.09	1.8	1.2	1.95	0.47	2.36	0.39	3.25	1.51	0.098	119.632	4.5	4.5	484	30	320	82	8	29	8	2	6	0.514	1.01														
12564	Elveoverv?ings hovedelver 2021-25	40411	Veg?dselva	02.08.2021 12:30	0	0	6.67	2.95	3.16	2.5	1.7	2.1	0.54	2.44	0.44	3.67	1.87	0.107	115.577	5.5	5.2	475	37	370	120	6	61	11	2	7.5	0.814	1.56		< 0.002	0.32	0.02		0.22	0.86	1.67		0.45		0.293		7.7
12564	Elveoverv?ings hovedelver 2021-25	40411	Veg?dselva	06.09.2021 13:20	0	0	6.8	2.55	1.67	2.3	0.87	1.96	0.4	2.1	0.31	3.35	1.68	0.125	99.443	4.3	4.3	708	28	230	15	2	48.4	7	2	5.1	0.553	1.25														
12564	Elveoverv?ings hovedelver 2021-25	40411	Veg?dselva	04.10.2021 11:10	0	0	6.3	3.85	6.67	4.5	4.4	1.95	0.72	3.7	0.61	7.16	2.75	0.095	61.007	7.9	7.6	815	59	460	180	< 2	64.5	15	6	11	1.37	3.02		< 0.002	0.32	0.052		0.37	1.04	3.23		0.67		0.715		8.6
12564	Elveoverv?ings hovedelver 2021-25	40411	Veg?dselva	01.11.2021 08:25	0	0	6.53	3.16	5.05	4.6	3.2	1.81	0.58	2.8	0.53	3.96	1.88	0.099	112.541	6.2	6.1	718	47	470	140	36	75.5	14	6	8.8	1.39	3.2														
12564	Elveoverv?ings hovedelver 2021-25	40411	Veg?dselva	13.12.2021 12:15	0	0	6.33	3.07	1.7	3	1.3	1.8	0.5	2.8	0.4	5.7	2.03	0.09	44.934	5.5	5.6	240	44	480	210	51	24.3	6	2	4	1.55	3.3														
12564	Elveoverv?ings hovedelver 2021-25	62167	Alna	20.01.2021 10:30	0	0	7.86	143	16	11.3	7.6	38.9	9	210	2.6	387	20.7	1.55	489.923	2	1.8	1293	16	1300	640	160	81	58	46	37	3.7	8.64	2.5													
12564	Elveoverv?ings hovedelver 2021-25	62167	Alna	02.02.2021 10:30	0	0	7.9	45.5	5	6.4	5.1	34.4	6.13	43.5	2.5	83.2	21.2	1.47	1347.342	3.6	3.5	316	17	1200	580	295	29.5	47	38	20	3.56	8.42	2	0.013	0.33	0.031	0.016	0.42	2.22	1.48	< 0.3	0.9	0.64	0.436	0.106	8.1
12564	Elveoverv?ings hovedelver 2021-25	62167	Alna	04.03.2021 11:10	0	0	7.82	47.2	8.07	8.6	5.7	28.1	4.44	52.2	2.13	116	19.2	1.07	372.24	3.7	3.6	636	20	1000	680	32	52.6	56	45	23	3.35	8.4	2.8													
12564	Elveoverv?ings hovedelver 2021-25	62167	Alna	07.04.2021 10:00	0	0	7.85	45	8.93	7.9	7.9	30.4	5.25	43.6	2.23	108	25.6	1.11	265.954	3.4	3.2	654	19	1100	800	19	66.2	43	32	24	3	6.22	3.8													
12564	Elveoverv?ings hovedelver 2021-25	62167	Alna	03.05.2021 00:00	0	0																																								
12564	Elveoverv?ings hovedelver 2021-25	62167	Alna	03.05.2021 11:30	0	0	8.17	54.6	4.11	4.3	2.4	35	5.57	45	2.79	83.1	18.2	1.27	1482.73	3.4	3.4	658	14	830	390	107	91.1	41	22	22	0.992	2.12	8.7	0.0052	0.22	0.012	0.012	0.072	1.45	0.63	0.57	0.52	0.5	0.025	0.023	1.5
12564	Elveoverv?ings hovedelver 2021-25	62167	Alna	08.06.2021 08:45	0	0	8	50.6	4.81	6.2	3.2	43	7.83	42.1	3.23	86.4	26.4	1.64	1624.153	3.6	3.4	634	13	2200	1300	280	103	110	86	39	3.09	6.29	12.6													
12564	Elveoverv?ings hovedelver 2021-25	62167	Alna	05.07.2021 11:20	0	0	7.57	37.7	13.5	13.9	7.6	30.3	5.31	34.4	2.66	58.5	17.1	1.16	1450.618	8.6	8.7	1482	25	1400	790	< 2	161	72	44	49	2.73	4.91	16.7													
12564	Elveoverv?ings hovedelver 2021-25	62167	Alna	02.08.2021 00:00	0	0																																								
12564	Elveoverv?ings hovedelver 2021-25	62167	Alna	02.08.2021 11:30	0	0	7.89	40.7	6.77	6.4	4.8	34.4	5.98	35.5	2.76	28	21.3	1.4	2530.009	4	3.9	504	18	1200	840	59	37.1	93	77	31	2.91	6.28		0.0054	0.31	0.011	0.0099	0.13	1.49	2.01	0.71	0.62	0.57	0.059	0.065	8
12564	Elveoverv?ings hovedelver 2021-25	62167	Alna	06.09.2021 10:00	0	0	8.1	38.5	3.5	4.5	3.2	36.1	5.7	31	3	52.1	17.7	1.78	1757.383	3.1	3.1	598	9	2500	1400	< 2	79.3	74	59	24	2.58	5.79	11.8													
12564	Elveoverv?ings hovedelver 2021-25	62167	Alna	05.10.2021 00:00	0	0																																								
12564	Elveoverv?ings hovedelver 2021-25	62167	Alna	05.10.2021 12:15	0	0	7.86	22.4	37.9	35	18	21.3	3	17	2.18	24.4	19.3	1.07	952.672	6.7	6.5	1666	39	1200	870	< 2	151.8	90	72	44	2.76	10.5	12.7	< 0.002	0.39	0.016	0.016	0.42	3.95	7.43	3	0.87	0.88	0.188	0.186	7
12564	Elveoverv?ings hovedelver 2021-25	62167	Alna	02.11.2021 11:30	0	0	7.92	28.1	16.1	16.8	10	26.8	4.4	21	2.37	34.6	23.1	1.41	1152.893	6.2	6.1	1515	36	1300	890	5	129.3	60	49	37	3.92	9.05	9.6													
12564	Elveoverv?ings hovedelver 2021-25	62167	Alna	06.12.2021 10:15	0	0	8.08	42.6	4.94	6.1	1.4	36	5.9	35	2.72	71.9	26.1	1.82	1232.302	3.3	3.4	563	11	1400	980	210	39.2	55	47	22	3.28	7.4	0													
12564	Elveoverv?ings hovedelver 2021-25	69594	M?selva v/gml E6-brua	29.01.2021 12:00	0	0	7.44	8.53	< 0.32	< 0.4	< 0.3	11.6	1.96	1.44	0.82	1.61	7.05	0.646	626.351	0.84	0.87	27.8	5	130	72	14	3.04	< 1	< 1	0.6	1.5	3.22	0													
12564	Elveoverv?ings hovedelver 2021-25	69594	M?selva v/gml E6-brua	15.02.2021 10:00	0	0	7.28	7.12	1.32	1.3	0.75	8.79	1.86	1.85	0.91	2.5	6.74	0.475	478.391	1.1	1.1	484	5	200	86	35	78.4	5	< 1	4.8	1.3	2.66	0	< 0.002	0.038	0.0082		2.57	2.4	0.34		0.67		0.127		11.3
12564	Elveoverv?ings hovedelver 2021-25	69594	M?selva v/gml E6-brua	06.04.2021 09:15	0	0	7.19	9.18	6.25	4.9	3.3	8.9	1.68	4.21	2.04	8.83	6.99	0.439	415.874	6	3.2	1672	18	770	100	67	195.5	33	16		1.08	2.36	0													
12564	Elveoverv?ings hovedelver 2021-25	69594	M?selva v/gml E6-brua	03.05.2021 07:30	0	0	7.47	7.86	1.65	2.9	0.6	9.67	1.8	2.22	1.14	3.9	6.81	0.471	499.397	1.4	1.4	158	6	430	72	32	23.5	11	4	2.2	1.19	2.5	0.2	< 0.002	0.031	< 0.003		0.1	0.51	0.74		0.38		0.022		0.26
12564	Elveoverv?ings hovedelver 2021-25	69594	M?selva v/gml E6-brua	07.06.2021 12:00	0	0	7.44	5.91	8.2	13.6	3	8.72	1.31	1.36	0.65	2.11	3.4	0.367	486.515	1.3	1.3	231	9	85	26	< 2	20.6	8	7	9.2	2.37	1.97	5.3													
12564	Elveoverv?ings hovedelver 2021-25	69594	M?selva v/gml E6-brua	05.07.2021 12:15	0	0	7.52	6.13	2.71	2.2	0.73	7.89	1.36	1.18	0.66	1.46	3.97	0.387	448.675	0.65	0.64	183	4	44	18	< 2	24	3	2	3	0.823	1.7	13.5													
12564	Elveoverv?ings hovedelver 2021-25	69594	M?selva v/gml E6-brua	02.08.2021 10:00	0	0	7.53	7.51	1.05	1.6	0.64	8.43	1.78	1.44	0.78	1.84	5.37	0.482	484.327	0.77	0.78	150	4	71	23	< 2	13	2	< 1	2.2	0.914	1.89	10.2	< 0.002	0.049	0.014		0.2		0.31				0.171		
12564	Elveoverv?ings hovedelver 2021-25	69594	M?selva v/gml E6-brua	06.09.2021 13:10	0	0	7.7	8.1	0.88	2	0.61	10.8	1.9	1.4	0.79	1.78	6.42	0.652	591.095	1.1	1.1	276	6	60	19	3	14.5	4	1	1.7	1.01	2.18	8.3													
12564	Elveoverv?ings hovedelver 2021-25	69594	M?selva v/gml E6-brua	04.10.2021 12:00	0	0	7.79	9.62	4.73	1.6	0.78	12.9	2.2	1.7	0.96	2.35	8.93	0.748	667.983	0.8	0.78	251	4	87	42	2	29.2	3	2	2	1.14	2.45	7.8	< 0.002	0.042	< 0.003		0.15	0.39	1.05		0.29		0.035		0.15
12564	Elveoverv?ings hovedelver 2021-25	69594	M?selva v/gml E6-brua	01.11.2021 11:30	0	0	7.65	7.65	1.52	1.3	0.4	10.2	1.8	1.7	0.76	2.02	5.46	0.6	576.642	1	1.1	129	7	580	44	4	21.4	3	1	1.6	1.26	2.7	1.1													
12564	Elveoverv?ings hovedelver 2021-25	69594	M?selva v/gml E6-brua	06.12.2021 10:30	0	0	7.76	8.65	0.22	< 1.3	< 0.3	11.7	1.8	1.4	0.81	1.44	6.72	0.669	628.92	0.82	0.79	59.2	4	110	57	5	6.08	1	< 1	1	1.39	3.23	0													
